RMS values
 ,pose1_0rot.pdb, pose2_0rot.pdb, pose3_0rot.pdb, pose4_0rot.pdb, pose5_1rot.pdb, pose6_0rot.pdb, pose7_1rot.pdb, pose8_1rot.pdb, pose9_0rot.pdb, 
pose1_0rot.pdb, 0.0, 3.8, 1.93, 4.49, 5.19, 2.08, 8.52, 4.46, 4.9, 
pose2_0rot.pdb, 3.8, 0.0, 4.04, 5.81, 5.58, 4.07, 8.48, 4.83, 6.06, 
pose3_0rot.pdb, 1.93, 4.04, 0.0, 4.8, 5.28, 2.8, 8.23, 4.88, 5.01, 
pose4_0rot.pdb, 4.49, 5.81, 4.8, 0.0, 7.16, 3.93, 9.45, 6.1, 2.95, 
pose5_1rot.pdb, 5.19, 5.58, 5.28, 7.16, 0.0, 5.76, 8.01, 2.99, 6.69, 
pose6_0rot.pdb, 2.08, 4.07, 2.8, 3.93, 5.76, 0.0, 8.74, 4.72, 4.53, 
pose7_1rot.pdb, 8.52, 8.48, 8.23, 9.45, 8.01, 8.74, 0.0, 7.81, 9.57, 
pose8_1rot.pdb, 4.46, 4.83, 4.88, 6.1, 2.99, 4.72, 7.81, 0.0, 6.4, 
pose9_0rot.pdb, 4.9, 6.06, 5.01, 2.95, 6.69, 4.53, 9.57, 6.4, 0.0, 
