RMS values
 ,vina_ligand_1_0rot.pdb, vina_ligand_2_0rot.pdb, vina_ligand_3_0rot.pdb, vina_ligand_4_0rot.pdb, vina_ligand_5_0rot.pdb, vina_ligand_6_0rot.pdb, vina_ligand_7_0rot.pdb, vina_ligand_8_0rot.pdb, vina_ligand_9_0rot.pdb, 
vina_ligand_1_0rot.pdb, 0.0, 2.64, 9.69, 3.1, 9.11, 8.92, 10.87, 11.96, 7.62, 
vina_ligand_2_0rot.pdb, 2.64, 0.0, 9.26, 1.9, 8.86, 8.63, 10.76, 12.16, 7.17, 
vina_ligand_3_0rot.pdb, 9.69, 9.26, 0.0, 9.29, 2.22, 11.47, 9.58, 8.35, 5.94, 
vina_ligand_4_0rot.pdb, 3.1, 1.9, 9.29, 0.0, 8.98, 8.28, 10.96, 12.49, 7.53, 
vina_ligand_5_0rot.pdb, 9.11, 8.86, 2.22, 8.98, 0.0, 11.89, 9.82, 8.67, 5.87, 
vina_ligand_6_0rot.pdb, 8.92, 8.63, 11.47, 8.28, 11.89, 0.0, 7.42, 9.32, 10.69, 
vina_ligand_7_0rot.pdb, 10.87, 10.76, 9.58, 10.96, 9.82, 7.42, 0.0, 5.91, 8.5, 
vina_ligand_8_0rot.pdb, 11.96, 12.16, 8.35, 12.49, 8.67, 9.32, 5.91, 0.0, 9.94, 
vina_ligand_9_0rot.pdb, 7.62, 7.17, 5.94, 7.53, 5.87, 10.69, 8.5, 9.94, 0.0, 
