Fingerprint values
 ,pose1.pdb, pose2.pdb, pose3.pdb, pose4.pdb, pose5.pdb, pose6.pdb, pose7.pdb, pose8.pdb, pose9.pdb, 
pose1.pdb, 1.0, 0.82, 0.75, 0.55, 0.49, 0.79, 0.69, 0.74, 0.62, 
pose2.pdb, 0.82, 1.0, 0.7, 0.46, 0.56, 0.7, 0.64, 0.78, 0.57, 
pose3.pdb, 0.75, 0.7, 1.0, 0.56, 0.51, 0.73, 0.7, 0.6, 0.59, 
pose4.pdb, 0.55, 0.46, 0.56, 1.0, 0.25, 0.71, 0.74, 0.33, 0.73, 
pose5.pdb, 0.49, 0.56, 0.51, 0.25, 1.0, 0.51, 0.43, 0.71, 0.38, 
pose6.pdb, 0.79, 0.7, 0.73, 0.71, 0.51, 1.0, 0.79, 0.6, 0.72, 
pose7.pdb, 0.69, 0.64, 0.7, 0.74, 0.43, 0.79, 1.0, 0.55, 0.67, 
pose8.pdb, 0.74, 0.78, 0.6, 0.33, 0.71, 0.6, 0.55, 1.0, 0.4, 
pose9.pdb, 0.62, 0.57, 0.59, 0.73, 0.38, 0.72, 0.67, 0.4, 1.0, 
