Fingerprint values
 ,vina_output_ligand_1.pdbqt, vina_output_ligand_2.pdbqt, vina_output_ligand_3.pdbqt, vina_output_ligand_4.pdbqt, vina_output_ligand_5.pdbqt, vina_output_ligand_6.pdbqt, vina_output_ligand_7.pdbqt, vina_output_ligand_8.pdbqt, vina_output_ligand_9.pdbqt, 
vina_output_ligand_1.pdbqt, 1.0, 0.9230769230769231, 0.8461538461538461, 0.5454545454545454, 0.8888888888888888, 0.7272727272727273, 0.5833333333333334, 1.0, 0.6, 
vina_output_ligand_2.pdbqt, 0.9230769230769231, 1.0, 0.9166666666666666, 0.6, 0.96, 0.8, 0.6363636363636364, 0.9230769230769231, 0.6666666666666666, 
vina_output_ligand_3.pdbqt, 0.8461538461538461, 0.9166666666666666, 1.0, 0.6, 0.88, 0.8, 0.6363636363636364, 0.8461538461538461, 0.6666666666666666, 
vina_output_ligand_4.pdbqt, 0.5454545454545454, 0.6, 0.6, 1.0, 0.6666666666666666, 0.75, 0.7777777777777778, 0.5454545454545454, 0.8571428571428571, 
vina_output_ligand_5.pdbqt, 0.8888888888888888, 0.96, 0.88, 0.6666666666666666, 1.0, 0.7619047619047619, 0.6956521739130435, 0.8888888888888888, 0.631578947368421, 
vina_output_ligand_6.pdbqt, 0.7272727272727273, 0.8, 0.8, 0.75, 0.7619047619047619, 1.0, 0.7777777777777778, 0.7272727272727273, 0.8571428571428571, 
vina_output_ligand_7.pdbqt, 0.5833333333333334, 0.6363636363636364, 0.6363636363636364, 0.7777777777777778, 0.6956521739130435, 0.7777777777777778, 1.0, 0.5833333333333334, 0.75, 
vina_output_ligand_8.pdbqt, 1.0, 0.9230769230769231, 0.8461538461538461, 0.5454545454545454, 0.8888888888888888, 0.7272727272727273, 0.5833333333333334, 1.0, 0.6, 
vina_output_ligand_9.pdbqt, 0.6, 0.6666666666666666, 0.6666666666666666, 0.8571428571428571, 0.631578947368421, 0.8571428571428571, 0.75, 0.6, 1.0, 
