Fingerprint values
 ,pose1.pdb, pose2.pdb, pose3.pdb, pose4.pdb, pose5.pdb, pose6.pdb, pose7.pdb, pose8.pdb, pose9.pdb, 
pose1.pdb, 1.0, 0.16, 0.7692307692307693, 0.6896551724137931, 0.6666666666666666, 0.2857142857142857, 0.32, 0.5384615384615384, 0.7407407407407407, 
pose2.pdb, 0.16, 1.0, 0.19047619047619047, 0.16666666666666666, 0.2727272727272727, 0.5, 0.5, 0.19047619047619047, 0.2727272727272727, 
pose3.pdb, 0.7692307692307693, 0.19047619047619047, 1.0, 0.56, 0.8695652173913043, 0.23529411764705882, 0.2857142857142857, 0.7272727272727273, 0.9565217391304348, 
pose4.pdb, 0.6896551724137931, 0.16666666666666666, 0.56, 1.0, 0.46153846153846156, 0.4, 0.4166666666666667, 0.48, 0.5384615384615384, 
pose5.pdb, 0.6666666666666666, 0.2727272727272727, 0.8695652173913043, 0.46153846153846156, 1.0, 0.2222222222222222, 0.2727272727272727, 0.782608695652174, 0.9166666666666666, 
pose6.pdb, 0.2857142857142857, 0.5, 0.23529411764705882, 0.4, 0.2222222222222222, 1.0, 0.75, 0.11764705882352941, 0.3333333333333333, 
pose7.pdb, 0.32, 0.5, 0.2857142857142857, 0.4166666666666667, 0.2727272727272727, 0.75, 1.0, 0.19047619047619047, 0.36363636363636365, 
pose8.pdb, 0.5384615384615384, 0.19047619047619047, 0.7272727272727273, 0.48, 0.782608695652174, 0.11764705882352941, 0.19047619047619047, 1.0, 0.6956521739130435, 
pose9.pdb, 0.7407407407407407, 0.2727272727272727, 0.9565217391304348, 0.5384615384615384, 0.9166666666666666, 0.3333333333333333, 0.36363636363636365, 0.6956521739130435, 1.0, 
